0 0.109589 0.103596 0.128881 0.134116 0.138158 0.182916 0.220426 0.223359 0.158974 0.11236 0.13403 0.224752 0.162299 0.127367 0.124892 0.138913 0.16318 0.185886 0.14433 0.114211 0.137725 0.113357 0.147137 0.286311 0.314189 0.158065 0.287029 0.243558 0.247934 0.217949 0.25 0.229549 0.228715 0.204584 0.277922 0.231664 0.23092 0.24756 0.214151 0.223529 0.122061 0.108262 0.107807 0.091255 0.134597 0.119249 0.12987 0.101818 0.123585 0.115837 0.13624 0.115718 0.25878 0.218868 0.136752
0.109589 0 0.124204 0.146514 0.118697 0.173502 0.201931 0.223787 0.235387 0.144346 0.116411 0.130435 0.199433 0.155416 0.121091 0.109062 0.113965 0.162051 0.189297 0.16251 0.131707 0.150838 0.10322 0.121363 0.298691 0.319564 0.176563 0.290473 0.247896 0.254767 0.235527 0.270356 0.243243 0.239784 0.214739 0.273021 0.249167 0.208136 0.251667 0.222122 0.209044 0.114261 0.131769 0.094273 0.075023 0.114388 0.103664 0.118062 0.098967 0.110612 0.104503 0.097079 0.097222 0.248691 0.191756 0.150685
0.103596 0.124204 0 0.15508 0.142636 0.144216 0.213771 0.234009 0.242688 0.168006 0.135703 0.129934 0.202652 0.172956 0.138978 0.122482 0.131452 0.152577 0.192185 0.184765 0.147179 0.161085 0.107438 0.170549 0.333333 0.355314 0.161695 0.328988 0.263158 0.287557 0.236465 0.299843 0.27454 0.263482 0.220379 0.282362 0.252951 0.198104 0.252508 0.22323 0.204643 0.121343 0.131387 0.133333 0.109275 0.116426 0.12083 0.127773 0.107546 0.123288 0.116438 0.14076 0.106244 0.245383 0.192586 0.166935
0.128881 0.146514 0.15508 0 0.15035 0.182119 0.187219 0.205624 0.22961 0.177837 0.140667 0.119674 0.235955 0.181898 0.12958 0.133752 0.127928 0.167763 0.183437 0.188679 0.149457 0.15508 0.136861 0.15828 0.276042 0.302977 0.167763 0.291812 0.24266 0.235345 0.23357 0.249339 0.228895 0.224063 0.214854 0.253357 0.244465 0.219136 0.273985 0.221457 0.23662 0.135545 0.119329 0.115984 0.10835 0.149166 0.132942 0.122211 0.112903 0.118812 0.128181 0.164292 0.107287 0.265444 0.204322 0.160795
0.134116 0.118697 0.142636 0.15035 0 0.162246 0.194969 0.216565 0.231538 0.158268 0.160095 0.147343 0.204311 0.179801 0.155712 0.149371 0.158268 0.184049 0.198289 0.177215 0.168269 0.169914 0.133979 0.162866 0.282511 0.313918 0.145963 0.288905 0.23242 0.237325 0.21142 0.226749 0.231171 0.221973 0.206897 0.219167 0.240392 0.207283 0.253865 0.217199 0.214405 0.141898 0.125112 0.119027 0.099107 0.134632 0.128861 0.147441 0.129551 0.136242 0.12741 0.139731 0.139599 0.238832 0.190603 0.168114
0.138158 0.173502 0.144216 0.182119 0.162246 0 0.200318 0.259027 0.255486 0.201908 0.143317 0.186495 0.240351 0.19685 0.189573 0.152 0.171157 0.232775 0.213037 0.215531 0.191935 0.204437 0.140777 0.196748 0.304821 0.345257 0.196429 0.336957 0.273717 0.250774 0.244094 0.273865 0.26053 0.23869 0.227987 0.251185 0.302439 0.270609 0.30363 0.273504 0.289517 0.154742 0.185121 0.149153 0.126298 0.186644 0.155709 0.156303 0.163907 0.174439 0.159734 0.179402 0.112069 0.286441 0.248714 0.216
0.182916 0.201931 0.213771 0.187219 0.194969 0.200318 0 0.239148 0.253012 0.231707 0.204731 0.19603 0.249762 0.217877 0.218801 0.22439 0.215447 0.217166 0.222669 0.232026 0.201159 0.223396 0.198664 0.205365 0.307031 0.337539 0.158805 0.316978 0.262587 0.272727 0.154589 0.257987 0.255469 0.24181 0.136 0.262002 0.268745 0.228653 0.279832 0.243439 0.241349 0.166811 0.165907 0.171582 0.166819 0.160471 0.167864 0.191489 0.184896 0.173042 0.188956 0.184735 0.181221 0.255093 0.236149 0.207038
0.220426 0.223787 0.234009 0.205624 0.216565 0.259027 0.239148 0 0.128782 0.222839 0.219222 0.213008 0.221907 0.243222 0.264359 0.253968 0.254157 0.186406 0.224329 0.234263 0.23871 0.236967 0.209586 0.213169 0.231349 0.252088 0.106811 0.22314 0.15758 0.17037 0.259346 0.18238 0.151469 0.146415 0.242236 0.251587 0.171784 0.236518 0.25495 0.204668 0.225149 0.198636 0.1819 0.181338 0.178832 0.176471 0.193202 0.228672 0.186426 0.214221 0.220713 0.208688 0.209647 0.2131 0.216922 0.218949
0.223359 0.235387 0.242688 0.22961 0.231538 0.255486 0.253012 0.128782 0 0.227092 0.250401 0.210139 0.225685 0.232394 0.257166 0.247596 0.2624 0.219713 0.229365 0.24077 0.231519 0.243072 0.219133 0.215815 0.20229 0.225732 0.139063 0.223071 0.144049 0.145441 0.247235 0.140063 0.139144 0.125762 0.239249 0.261809 0.171239 0.213409 0.257664 0.206835 0.230179 0.192802 0.17663 0.193634 0.204732 0.174147 0.221429 0.239016 0.202055 0.215704 0.215201 0.200344 0.201479 0.223003 0.212556 0.232186
0.158974 0.144346 0.168006 0.177837 0.158268 0.201908 0.231707 0.222839 0.227092 0 0.154472 0.15911 0.214829 0.122204 0.182927 0.161943 0.19284 0.156379 0.149518 0.131922 0.174773 0.13629 0.169576 0.123013 0.266406 0.307024 0.1518 0.29421 0.233514 0.238022 0.228479 0.257576 0.239063 0.235156 0.206677 0.266721 0.244743 0.224645 0.257767 0.236149 0.225473 0.150732 0.161965 0.14197 0.152511 0.123646 0.148214 0.175688 0.147698 0.169538 0.156812 0.169681 0.134758 0.256162 0.21448 0.136032
0.11236 0.116411 0.135703 0.140667 0.160095 0.143317 0.204731 0.219222 0.250401 0.154472 0 0.115 0.237369 0.152434 0.148539 0.135332 0.132461 0.165109 0.20114 0.161501 0.133111 0.166667 0.126572 0.153782 0.304859 0.337539 0.15981 0.30165 0.246682 0.263362 0.242522 0.260484 0.254902 0.233725 0.223748 0.260656 0.233108 0.22021 0.246401 0.210526 0.238961 0.115854 0.141026 0.113799 0.121324 0.147005 0.107401 0.112701 0.119546 0.130118 0.127053 0.131648 0.113806 0.254867 0.213189 0.139116
0.13403 0.130435 0.129934 0.119674 0.147343 0.186495 0.19603 0.213008 0.210139 0.15911 0.115 0 0.193269 0.158795 0.132341 0.147812 0.141674 0.170807 0.185703 0.183927 0.139848 0.165705 0.126271 0.148464 0.267358 0.302908 0.153846 0.262229 0.219493 0.223539 0.186315 0.241463 0.224 0.21263 0.189697 0.263993 0.227621 0.204042 0.226221 0.197984 0.215344 0.116667 0.130996 0.113718 0.120112 0.133212 0.119635 0.115315 0.118629 0.134438 0.116725 0.148731 0.112264 0.244405 0.183073 0.153266
0.224752 0.199433 0.202652 0.235955 0.204311 0.240351 0.249762 0.221907 0.225685 0.214829 0.237369 0.193269 0 0.209586 0.212322 0.23216 0.235238 0.198009 0.224237 0.230038 0.20793 0.196768 0.207529 0.203472 0.259606 0.298872 0.188235 0.249529 0.230912 0.203911 0.226236 0.237369 0.22045 0.231343 0.248099 0.249518 0.250984 0.134963 0.151129 0.132383 0.12749 0.199603 0.179089 0.196338 0.188912 0.174619 0.213048 0.217701 0.195783 0.213402 0.195243 0.211635 0.214583 0.139113 0.148566 0.216397
0.162299 0.155416 0.172956 0.181898 0.179801 0.19685 0.217877 0.243222 0.232394 0.122204 0.152434 0.158795 0.209586 0 0.192399 0.167598 0.193164 0.129857 0.138779 0.138069 0.164639 0.140379 0.151713 0.121411 0.302273 0.33845 0.147745 0.297483 0.251511 0.272114 0.249024 0.254887 0.261234 0.24924 0.205008 0.2512 0.246689 0.221181 0.233937 0.225806 0.220713 0.141397 0.133513 0.142606 0.159091 0.143238 0.146037 0.174978 0.158839 0.158131 0.157761 0.163823 0.141544 0.258261 0.207665 0.125
0.127367 0.121091 0.138978 0.12958 0.155712 0.189573 0.218801 0.264359 0.257166 0.182927 0.148539 0.132341 0.212322 0.192399 0 0.129765 0.149798 0.168041 0.206452 0.196908 0.14616 0.17926 0.153206 0.164304 0.302019 0.342745 0.208464 0.308709 0.264865 0.29272 0.277866 0.279459 0.275194 0.26646 0.246215 0.286645 0.253378 0.230989 0.26706 0.22657 0.22739 0.13201 0.142727 0.126786 0.118566 0.143891 0.143891 0.126222 0.100087 0.134862 0.115517 0.130095 0.129543 0.255752 0.209239 0.173984
0.124892 0.109062 0.122482 0.133752 0.149371 0.152 0.22439 0.253968 0.247596 0.161943 0.135332 0.147812 0.23216 0.167598 0.129765 0 0.116411 0.178279 0.1979 0.169919 0.151867 0.165595 0.134055 0.15873 0.319216 0.343578 0.175824 0.319249 0.265528 0.287703 0.245557 0.28731 0.279687 0.272514 0.222753 0.265957 0.25654 0.22474 0.27043 0.237319 0.216495 0.127917 0.127057 0.127679 0.105936 0.125451 0.117594 0.118538 0.136126 0.118767 0.1179 0.125977 0.115527 0.249342 0.198198 0.150651
0.138913 0.113965 0.131452 0.127928 0.158268 0.171157 0.215447 0.254157 0.2624 0.19284 0.132461 0.141674 0.235238 0.193164 0.149798 0.116411 0 0.178167 0.199838 0.207961 0.14604 0.181014 0.128524 0.158863 0.323185 0.368214 0.195008 0.331768 0.276398 0.283617 0.226979 0.277822 0.2639 0.27046 0.233974 0.28548 0.276182 0.227358 0.271272 0.228261 0.24111 0.143475 0.145087 0.137869 0.114679 0.135086 0.120253 0.104185 0.132582 0.142598 0.115917 0.146701 0.117428 0.248014 0.206709 0.189542
0.16318 0.162051 0.152577 0.167763 0.184049 0.232775 0.217166 0.186406 0.219713 0.156379 0.165109 0.170807 0.198009 0.129857 0.168041 0.178279 0.178167 0 0.155763 0.147119 0.173597 0.169072 0.149688 0.136929 0.271152 0.305414 0.15873 0.242331 0.205076 0.231237 0.226571 0.237654 0.215447 0.215886 0.205366 0.231899 0.249467 0.214447 0.221985 0.228571 0.202139 0.163265 0.138735 0.138798 0.155116 0.125828 0.148472 0.169014 0.147505 0.167401 0.151288 0.139913 0.136161 0.208827 0.206593 0.138604
0.185886 0.189297 0.192185 0.183437 0.198289 0.213037 0.222669 0.224329 0.229365 0.149518 0.20114 0.185703 0.224237 0.138779 0.206452 0.1979 0.199838 0.155763 0 0.157085 0.199507 0.139068 0.160996 0.133054 0.288149 0.332551 0.156986 0.314485 0.25364 0.271199 0.244 0.26249 0.25966 0.244788 0.218354 0.262987 0.266611 0.208729 0.257525 0.246612 0.22442 0.159208 0.158326 0.181495 0.171533 0.134301 0.167118 0.169326 0.159758 0.162727 0.169811 0.171233 0.169618 0.275375 0.203069 0.157038
0.14433 0.16251 0.184765 0.188679 0.177215 0.215531 0.232026 0.234263 0.24077 0.131922 0.161501 0.183927 0.230038 0.138069 0.196908 0.169919 0.207961 0.147119 0.157085 0 0.170933 0.136032 0.162365 0.132328 0.277516 0.318795 0.182104 0.288522 0.259173 0.258165 0.245968 0.26066 0.257862 0.237421 0.213826 0.27846 0.262848 0.226451 0.256757 0.231047 0.229381 0.167972 0.15847 0.161319 0.150961 0.147511 0.151351 0.165771 0.158813 0.14882 0.165517 0.172861 0.157699 0.264 0.228752 0.147179
0.114211 0.131707 0.147179 0.149457 0.168269 0.191935 0.201159 0.23871 0.231519 0.174773 0.133111 0.139848 0.20793 0.164639 0.14616 0.151867 0.14604 0.173597 0.199507 0.170933 0 0.16023 0.128487 0.137725 0.276054 0.339744 0.176656 0.292295 0.248221 0.235433 0.231209 0.255267 0.223016 0.227707 0.215159 0.272199 0.252785 0.205029 0.243986 0.2 0.230634 0.115929 0.117318 0.108379 0.11847 0.147194 0.113573 0.130553 0.129663 0.128253 0.126859 0.130627 0.112689 0.23917 0.204797 0.168595
0.137725 0.150838 0.161085 0.15508 0.169914 0.204437 0.223396 0.236967 0.243072 0.13629 0.166667 0.165705 0.196768 0.140379 0.17926 0.165595 0.181014 0.169072 0.139068 0.136032 0.16023 0 0.162095 0.135607 0.301242 0.331505 0.170579 0.310023 0.249423 0.261868 0.250996 0.262698 0.24903 0.246512 0.208399 0.271405 0.271357 0.21172 0.247906 0.227027 0.216981 0.149009 0.153218 0.149466 0.154968 0.14735 0.135791 0.151596 0.129646 0.160036 0.140545 0.162651 0.136617 0.262281 0.221923 0.131877
0.113357 0.10322 0.107438 0.136861 0.133979 0.140777 0.198664 0.209586 0.219133 0.169576 0.126572 0.126271 0.207529 0.151713 0.153206 0.134055 0.128524 0.149688 0.160996 0.162365 0.128487 0.162095 0 0.132253 0.280899 0.313614 0.169572 0.276305 0.230032 0.238663 0.215928 0.255928 0.222848 0.233871 0.203627 0.26087 0.24111 0.228104 0.234483 0.206865 0.2 0.108348 0.124765 0.102634 0.093779 0.133028 0.111619 0.114754 0.114565 0.125348 0.103357 0.129663 0.100287 0.240324 0.194085 0.142738
0.147137 0.121363 0.170549 0.15828 0.162866 0.196748 0.205365 0.213169 0.215815 0.123013 0.153782 0.148464 0.203472 0.121411 0.164304 0.15873 0.158863 0.136929 0.133054 0.132328 0.137725 0.135607 0.132253 0 0.272506 0.313934 0.149278 0.278275 0.237329 0.228296 0.209959 0.229115 0.230146 0.220874 0.195383 0.248942 0.251742 0.227493 0.251523 0.221707 0.215929 0.132743 0.130841 0.128298 0.128157 0.118519 0.113469 0.149728 0.144395 0.146319 0.127111 0.135714 0.123092 0.255898 0.205009 0.128896
0.286311 0.298691 0.333333 0.276042 0.282511 0.304821 0.307031 0.231349 0.20229 0.266406 0.304859 0.267358 0.259606 0.302273 0.302019 0.319216 0.323185 0.271152 0.288149 0.277516 0.276054 0.301242 0.280899 0.272506 0 0.195231 0.156347 0.177598 0.211412 0.221579 0.30987 0.220197 0.191317 0.217712 0.292366 0.319315 0.141694 0.246741 0.292506 0.237589 0.254804 0.259414 0.219751 0.238715 0.254937 0.224956 0.251539 0.270294 0.251261 0.250669 0.277731 0.257143 0.256621 0.249355 0.237633 0.301724
0.314189 0.319564 0.355314 0.302977 0.313918 0.345257 0.337539 0.252088 0.225732 0.307024 0.337539 0.302908 0.298872 0.33845 0.342745 0.343578 0.368214 0.305414 0.332551 0.318795 0.339744 0.331505 0.313614 0.313934 0.195231 0 0.184211 0.167286 0.249073 0.267254 0.357585 0.260169 0.247384 0.230425 0.312259 0.355852 0.139688 0.276316 0.342881 0.274843 0.287045 0.294666 0.269612 0.284211 0.302976 0.269743 0.308784 0.311518 0.286198 0.28456 0.308081 0.299233 0.29633 0.283608 0.268271 0.325674
0.158065 0.176563 0.161695 0.167763 0.145963 0.196429 0.158805 0.106811 0.139063 0.1518 0.15981 0.153846 0.188235 0.147745 0.208464 0.175824 0.195008 0.15873 0.156986 0.182104 0.176656 0.170579 0.169572 0.149278 0.156347 0.184211 0 0.196291 0.169492 0.153846 0.186916 0.1625 0.122102 0.134052 0.155416 0.158307 0.137987 0.184483 0.198068 0.18928 0.204545 0.151067 0.145025 0.146912 0.162207 0.148398 0.157025 0.177446 0.160131 0.157983 0.162029 0.147727 0.164384 0.189145 0.173623 0.122222
0.287029 0.290473 0.328988 0.291812 0.288905 0.336957 0.316978 0.22314 0.223071 0.29421 0.30165 0.262229 0.249529 0.297483 0.308709 0.319249 0.331768 0.242331 0.314485 0.288522 0.292295 0.310023 0.276305 0.278275 0.177598 0.167286 0.196291 0 0.229532 0.24058 0.328221 0.249622 0.222386 0.215078 0.307458 0.32634 0.133061 0.232928 0.294165 0.24734 0.250419 0.252517 0.227679 0.237847 0.267504 0.230565 0.269435 0.284848 0.255481 0.258237 0.284043 0.251896 0.244505 0.240757 0.239787 0.285377
0.243558 0.247896 0.263158 0.24266 0.23242 0.273717 0.262587 0.15758 0.144049 0.233514 0.246682 0.219493 0.230912 0.251511 0.264865 0.265528 0.276398 0.205076 0.25364 0.259173 0.248221 0.249423 0.230032 0.237329 0.211412 0.249073 0.169492 0.229532 0 0.145415 0.276596 0.161145 0.139824 0.136596 0.250566 0.260836 0.174053 0.209259 0.255404 0.211589 0.227386 0.219817 0.188329 0.205503 0.210293 0.190393 0.229895 0.224315 0.218515 0.218005 0.230579 0.213156 0.225543 0.217391 0.210711 0.236576
0.247934 0.254767 0.287557 0.235345 0.237325 0.250774 0.272727 0.17037 0.145441 0.238022 0.263362 0.223539 0.203911 0.272114 0.29272 0.287703 0.283617 0.231237 0.271199 0.258165 0.235433 0.261868 0.238663 0.228296 0.221579 0.267254 0.153846 0.24058 0.145415 0 0.276981 0.163418 0.151559 0.148658 0.256391 0.274404 0.191318 0.219557 0.278662 0.215909 0.225434 0.22121 0.203524 0.204799 0.207965 0.198261 0.233913 0.246798 0.228027 0.227113 0.238056 0.228666 0.212996 0.227041 0.229221 0.257165
0.217949 0.235527 0.236465 0.23357 0.21142 0.244094 0.154589 0.259346 0.247235 0.228479 0.242522 0.186315 0.226236 0.249024 0.277866 0.245557 0.226979 0.226571 0.244 0.245968 0.231209 0.250996 0.215928 0.209959 0.30987 0.357585 0.186916 0.328221 0.276596 0.276981 0 0.257862 0.265697 0.252107 0.156151 0.29374 0.267842 0.220742 0.263727 0.227642 0.233733 0.177433 0.17031 0.191622 0.20784 0.176418 0.191375 0.218085 0.20364 0.1951 0.20954 0.20155 0.202614 0.257018 0.231949 0.237672
0.25 0.270356 0.299843 0.249339 0.226749 0.273865 0.257987 0.18238 0.140063 0.257576 0.260484 0.241463 0.237369 0.254887 0.279459 0.28731 0.277822 0.237654 0.26249 0.26066 0.255267 0.262698 0.255928 0.229115 0.220197 0.260169 0.1625 0.249622 0.161145 0.163418 0.257862 0 0.150228 0.163002 0.265004 0.281724 0.183181 0.219256 0.259536 0.205405 0.23655 0.213734 0.188011 0.214222 0.224863 0.208446 0.24237 0.257723 0.225945 0.218892 0.244898 0.21848 0.221082 0.230971 0.209765 0.253397
0.229549 0.243243 0.27454 0.228895 0.231171 0.26053 0.255469 0.151469 0.139144 0.239063 0.254902 0.224 0.22045 0.261234 0.275194 0.279687 0.2639 0.215447 0.25966 0.257862 0.223016 0.24903 0.222848 0.230146 0.191317 0.247384 0.122102 0.222386 0.139824 0.151559 0.265697 0.150228 0 0.146233 0.246377 0.277259 0.177904 0.22119 0.265587 0.210247 0.22621 0.217573 0.193778 0.207792 0.213775 0.204046 0.2146 0.228645 0.214165 0.228368 0.231026 0.229481 0.210238 0.228326 0.225949 0.254517
0.228715 0.239784 0.263482 0.224063 0.221973 0.23869 0.24181 0.146415 0.125762 0.235156 0.233725 0.21263 0.231343 0.24924 0.26646 0.272514 0.27046 0.215886 0.244788 0.237421 0.227707 0.246512 0.233871 0.220874 0.217712 0.230425 0.134052 0.215078 0.136596 0.148658 0.252107 0.163002 0.146233 0 0.240854 0.276131 0.167752 0.224813 0.253236 0.218391 0.241841 0.207738 0.182547 0.193211 0.204647 0.18662 0.220562 0.219344 0.20403 0.213333 0.235833 0.2171 0.208029 0.227859 0.202476 0.240219
0.204584 0.214739 0.220379 0.214854 0.206897 0.227987 0.136 0.242236 0.239249 0.206677 0.223748 0.189697 0.248099 0.205008 0.246215 0.222753 0.233974 0.205366 0.218354 0.213826 0.215159 0.208399 0.203627 0.195383 0.292366 0.312259 0.155416 0.307458 0.250566 0.256391 0.156151 0.265004 0.246377 0.240854 0 0.251994 0.26639 0.218543 0.259106 0.244806 0.233988 0.173093 0.174345 0.180776 0.205455 0.166517 0.191964 0.195251 0.200516 0.195475 0.193521 0.200512 0.197235 0.257443 0.227803 0.220529
0.277922 0.273021 0.282362 0.253357 0.219167 0.251185 0.262002 0.251587 0.261809 0.266721 0.260656 0.263993 0.249518 0.2512 0.286645 0.265957 0.28548 0.231899 0.262987 0.27846 0.272199 0.271405 0.26087 0.248942 0.319315 0.355852 0.158307 0.32634 0.260836 0.274404 0.29374 0.281724 0.277259 0.276131 0.251994 0 0.293367 0.231141 0.312183 0.272059 0.288077 0.238845 0.209259 0.243682 0.247212 0.216241 0.251366 0.272727 0.265557 0.274238 0.268631 0.241048 0.251649 0.271749 0.257798 0.242399
0.231664 0.249167 0.252951 0.244465 0.240392 0.302439 0.268745 0.171784 0.171239 0.244743 0.233108 0.227621 0.250984 0.246689 0.253378 0.25654 0.276182 0.249467 0.266611 0.262848 0.252785 0.271357 0.24111 0.251742 0.141694 0.139688 0.137987 0.133061 0.174053 0.191318 0.267842 0.183181 0.177904 0.167752 0.26639 0.293367 0 0.241216 0.27674 0.244787 0.246957 0.212858 0.215064 0.23262 0.239488 0.218215 0.239856 0.262179 0.219214 0.224863 0.236819 0.230635 0.228545 0.238475 0.230769 0.243449
0.23092 0.208136 0.198104 0.219136 0.207283 0.270609 0.228653 0.236518 0.213409 0.224645 0.22021 0.204042 0.134963 0.221181 0.230989 0.22474 0.227358 0.214447 0.208729 0.226451 0.205029 0.21172 0.228104 0.227493 0.246741 0.276316 0.184483 0.232928 0.209259 0.219557 0.220742 0.219256 0.22119 0.224813 0.218543 0.231141 0.241216 0 0.123236 0.114594 0.111962 0.205882 0.176298 0.217181 0.199015 0.165849 0.195098 0.205202 0.216425 0.213307 0.202279 0.208253 0.219561 0.09381 0.122807 0.225285
0.24756 0.251667 0.252508 0.273985 0.253865 0.30363 0.279832 0.25495 0.257664 0.257767 0.246401 0.226221 0.151129 0.233937 0.26706 0.27043 0.271272 0.221985 0.257525 0.256757 0.243986 0.247906 0.234483 0.251523 0.292506 0.342881 0.198068 0.294165 0.255404 0.278662 0.263727 0.259536 0.265587 0.253236 0.259106 0.312183 0.27674 0.123236 0 0.121048 0.134996 0.231034 0.205268 0.238938 0.234814 0.213836 0.249776 0.24515 0.236207 0.252936 0.25 0.24055 0.20915 0.133274 0.116279 0.253556
0.214151 0.222122 0.22323 0.221457 0.217199 0.273504 0.243439 0.204668 0.206835 0.236149 0.210526 0.197984 0.132383 0.225806 0.22657 0.237319 0.228261 0.228571 0.246612 0.231047 0.2 0.227027 0.206865 0.221707 0.237589 0.274843 0.18928 0.24734 0.211589 0.215909 0.227642 0.205405 0.210247 0.218391 0.244806 0.272059 0.244787 0.114594 0.121048 0 0.131868 0.216912 0.193149 0.2058 0.204023 0.186489 0.213547 0.213084 0.212177 0.214353 0.229508 0.212177 0.205253 0.115848 0.131455 0.232727
0.223529 0.209044 0.204643 0.23662 0.214405 0.289517 0.241349 0.225149 0.230179 0.225473 0.238961 0.215344 0.12749 0.220713 0.22739 0.216495 0.24111 0.202139 0.22442 0.229381 0.230634 0.216981 0.2 0.215929 0.254804 0.287045 0.204545 0.250419 0.227386 0.225434 0.233733 0.23655 0.22621 0.241841 0.233988 0.288077 0.246957 0.111962 0.134996 0.131868 0 0.200704 0.195032 0.212285 0.2076 0.178344 0.213235 0.220522 0.209406 0.213504 0.219895 0.203704 0.213084 0.125112 0.131507 0.209442
0.122061 0.114261 0.121343 0.135545 0.141898 0.154742 0.166811 0.198636 0.192802 0.150732 0.115854 0.116667 0.199603 0.141397 0.13201 0.127917 0.143475 0.163265 0.159208 0.167972 0.115929 0.149009 0.108348 0.132743 0.259414 0.294666 0.151067 0.252517 0.219817 0.22121 0.177433 0.213734 0.217573 0.207738 0.173093 0.238845 0.212858 0.205882 0.231034 0.216912 0.200704 0 0.099265 0.114414 0.122222 0.113866 0.080957 0.122302 0.118375 0.119705 0.120314 0.125549 0.109859 0.248885 0.196364 0.147668
0.108262 0.131769 0.131387 0.119329 0.125112 0.185121 0.165907 0.1819 0.17663 0.161965 0.141026 0.130996 0.179089 0.133513 0.142727 0.127057 0.145087 0.138735 0.158326 0.15847 0.117318 0.153218 0.124765 0.130841 0.219751 0.269612 0.145025 0.227679 0.188329 0.203524 0.17031 0.188011 0.193778 0.182547 0.174345 0.209259 0.215064 0.176298 0.205268 0.193149 0.195032 0.099265 0 0.130719 0.117083 0.10237 0.121789 0.129456 0.115456 0.139205 0.117166 0.136572 0.133268 0.208566 0.180189 0.140781
0.107807 0.094273 0.133333 0.115984 0.119027 0.149153 0.171582 0.181338 0.193634 0.14197 0.113799 0.113718 0.196338 0.142606 0.126786 0.127679 0.137869 0.138798 0.181495 0.161319 0.108379 0.149466 0.102634 0.128298 0.238715 0.284211 0.146912 0.237847 0.205503 0.204799 0.191622 0.214222 0.207792 0.193211 0.180776 0.243682 0.23262 0.217181 0.238938 0.2058 0.212285 0.114414 0.130719 0 0.103416 0.115848 0.079663 0.114364 0.100635 0.107076 0.11241 0.118492 0.115458 0.244505 0.214552 0.148577
0.091255 0.075023 0.109275 0.10835 0.099107 0.126298 0.166819 0.178832 0.204732 0.152511 0.121324 0.120112 0.188912 0.159091 0.118566 0.105936 0.114679 0.155116 0.171533 0.150961 0.11847 0.154968 0.093779 0.128157 0.254937 0.302976 0.162207 0.267504 0.210293 0.207965 0.20784 0.224863 0.213775 0.204647 0.205455 0.247212 0.239488 0.199015 0.234814 0.204023 0.2076 0.122222 0.117083 0.103416 0 0.122137 0.110482 0.113296 0.095061 0.118434 0.10101 0.113889 0.116618 0.22638 0.201521 0.129799
0.134597 0.114388 0.116426 0.149166 0.134632 0.186644 0.160471 0.176471 0.174147 0.123646 0.147005 0.133212 0.174619 0.143238 0.143891 0.125451 0.135086 0.125828 0.134301 0.147511 0.147194 0.14735 0.133028 0.118519 0.224956 0.269743 0.148398 0.230565 0.190393 0.198261 0.176418 0.208446 0.204046 0.18662 0.166517 0.216241 0.218215 0.165849 0.213836 0.186489 0.178344 0.113866 0.10237 0.115848 0.122137 0 0.115819 0.111933 0.115702 0.130806 0.127717 0.126134 0.11423 0.203892 0.182502 0.146209
0.119249 0.103664 0.12083 0.132942 0.128861 0.155709 0.167864 0.193202 0.221429 0.148214 0.107401 0.119635 0.213048 0.146037 0.143891 0.117594 0.120253 0.148472 0.167118 0.151351 0.113573 0.135791 0.111619 0.113469 0.251539 0.308784 0.157025 0.269435 0.229895 0.233913 0.191375 0.24237 0.2146 0.220562 0.191964 0.251366 0.239856 0.195098 0.249776 0.213547 0.213235 0.080957 0.121789 0.079663 0.110482 0.115819 0 0.113784 0.098811 0.11491 0.108182 0.108775 0.113153 0.234101 0.202817 0.135791
0.12987 0.118062 0.127773 0.122211 0.147441 0.156303 0.191489 0.228672 0.239016 0.175688 0.112701 0.115315 0.217701 0.174978 0.126222 0.118538 0.104185 0.169014 0.169326 0.165771 0.130553 0.151596 0.114754 0.149728 0.270294 0.311518 0.177446 0.284848 0.224315 0.246798 0.218085 0.257723 0.228645 0.219344 0.195251 0.272727 0.262179 0.205202 0.24515 0.213084 0.220522 0.122302 0.129456 0.114364 0.113296 0.111933 0.113784 0 0.096396 0.116541 0.107939 0.137746 0.112703 0.242727 0.188487 0.171099
0.101818 0.098967 0.107546 0.112903 0.129551 0.163907 0.184896 0.186426 0.202055 0.147698 0.119546 0.118629 0.195783 0.158839 0.100087 0.136126 0.132582 0.147505 0.159758 0.158813 0.129663 0.129646 0.114565 0.144395 0.251261 0.286198 0.160131 0.255481 0.218515 0.228027 0.20364 0.225945 0.214165 0.20403 0.200516 0.265557 0.219214 0.216425 0.236207 0.212177 0.209406 0.118375 0.115456 0.100635 0.095061 0.115702 0.098811 0.096396 0 0.097132 0.085814 0.109745 0.105413 0.228261 0.204963 0.14137
0.123585 0.110612 0.123288 0.118812 0.136242 0.174439 0.173042 0.214221 0.215704 0.169538 0.130118 0.134438 0.213402 0.158131 0.134862 0.118767 0.142598 0.167401 0.162727 0.14882 0.128253 0.160036 0.125348 0.146319 0.250669 0.28456 0.157983 0.258237 0.218005 0.227113 0.1951 0.218892 0.228368 0.213333 0.195475 0.274238 0.224863 0.213307 0.252936 0.214353 0.213504 0.119705 0.139205 0.107076 0.118434 0.130806 0.11491 0.116541 0.097132 0 0.101911 0.120849 0.130518 0.245565 0.201323 0.165162
0.115837 0.104503 0.116438 0.128181 0.12741 0.159734 0.188956 0.220713 0.215201 0.156812 0.127053 0.116725 0.195243 0.157761 0.115517 0.1179 0.115917 0.151288 0.169811 0.165517 0.126859 0.140545 0.103357 0.127111 0.277731 0.308081 0.162029 0.284043 0.230579 0.238056 0.20954 0.244898 0.231026 0.235833 0.193521 0.268631 0.236819 0.202279 0.25 0.229508 0.219895 0.120314 0.117166 0.11241 0.10101 0.127717 0.108182 0.107939 0.085814 0.101911 0 0.134615 0.117537 0.248007 0.19346 0.155689
0.13624 0.097079 0.14076 0.164292 0.139731 0.179402 0.184735 0.208688 0.200344 0.169681 0.131648 0.148731 0.211635 0.163823 0.130095 0.125977 0.146701 0.139913 0.171233 0.172861 0.130627 0.162651 0.129663 0.135714 0.257143 0.299233 0.147727 0.251896 0.213156 0.228666 0.20155 0.21848 0.229481 0.2171 0.200512 0.241048 0.230635 0.208253 0.24055 0.212177 0.203704 0.125549 0.136572 0.118492 0.113889 0.126134 0.108775 0.137746 0.109745 0.120849 0.134615 0 0.119025 0.226415 0.2 0.156982
0.115718 0.097222 0.106244 0.107287 0.139599 0.112069 0.181221 0.209647 0.201479 0.134758 0.113806 0.112264 0.214583 0.141544 0.129543 0.115527 0.117428 0.136161 0.169618 0.157699 0.112689 0.136617 0.100287 0.123092 0.256621 0.29633 0.164384 0.244505 0.225543 0.212996 0.202614 0.221082 0.210238 0.208029 0.197235 0.251649 0.228545 0.219561 0.20915 0.205253 0.213084 0.109859 0.133268 0.115458 0.116618 0.11423 0.113153 0.112703 0.105413 0.130518 0.117537 0.119025 0 0.231939 0.20693 0.157553
0.25878 0.248691 0.245383 0.265444 0.238832 0.286441 0.255093 0.2131 0.223003 0.256162 0.254867 0.244405 0.139113 0.258261 0.255752 0.249342 0.248014 0.208827 0.275375 0.264 0.23917 0.262281 0.240324 0.255898 0.249355 0.283608 0.189145 0.240757 0.217391 0.227041 0.257018 0.230971 0.228326 0.227859 0.257443 0.271749 0.238475 0.09381 0.133274 0.115848 0.125112 0.248885 0.208566 0.244505 0.22638 0.203892 0.234101 0.242727 0.228261 0.245565 0.248007 0.226415 0.231939 0 0.119334 0.261674
0.218868 0.191756 0.192586 0.204322 0.190603 0.248714 0.236149 0.216922 0.212556 0.21448 0.213189 0.183073 0.148566 0.207665 0.209239 0.198198 0.206709 0.206593 0.203069 0.228752 0.204797 0.221923 0.194085 0.205009 0.237633 0.268271 0.173623 0.239787 0.210711 0.229221 0.231949 0.209765 0.225949 0.202476 0.227803 0.257798 0.230769 0.122807 0.116279 0.131455 0.131507 0.196364 0.180189 0.214552 0.201521 0.182502 0.202817 0.188487 0.204963 0.201323 0.19346 0.2 0.20693 0.119334 0 0.203787
0.136752 0.150685 0.166935 0.160795 0.168114 0.216 0.207038 0.218949 0.232186 0.136032 0.139116 0.153266 0.216397 0.125 0.173984 0.150651 0.189542 0.138604 0.157038 0.147179 0.168595 0.131877 0.142738 0.128896 0.301724 0.325674 0.122222 0.285377 0.236576 0.257165 0.237672 0.253397 0.254517 0.240219 0.220529 0.242399 0.243449 0.225285 0.253556 0.232727 0.209442 0.147668 0.140781 0.148577 0.129799 0.146209 0.135791 0.171099 0.14137 0.165162 0.155689 0.156982 0.157553 0.261674 0.203787 0
